atp1=[20	0.03
120	2.5
250	2.5
2000	0.005];



atp2=[20	0.25
120	2.25
250	2.25
2000	0.05];



atp3=[20	0.025
120	0.55
250	0.55
2000	0.005];



atp4=[20	0.175
150	2.5
300	2.5
2000	0.0375];
