p311_dac2=[10	143.0
12.5	143.3
16	143.6
20	143.8
25	144.1
31.5	144.8
40	144.8
50	144.8
63	145.6
80	146.7
100	147.7
125	148.7
160	149.8
200	149.8
250	149.8
315	148.8
400	147.3
500	145.8
630	144.3
800	142.8
1000	141.3
1250	139.9
1600	138.6
2000	139.0];


p312_dac2=[10	152.9
12.5	152.9
16	152.9
20	152.9
25	153.4
31.5	154.1
40	154.1
50	154.1
63	154.1
80	154.1
100	152.4
125	150.6
160	148.8
200	148.9
250	149.2
315	149.5
400	149.5
500	149.5
630	149.5
800	149.5
1000	149.5
1250	148.8
1600	148.0
2000	147.4];


p321_dac2=[10	141.2
12.5	143.9
16	146.0
20	147.8
25	147.8
31.5	147.8
40	147.4
50	147.1
63	146.7
80	146.3
100	146.0
125	145.0
160	144.3
200	143.9
250	143.0
315	142.3
400	142.1
500	141.3
630	140.5
800	139.7
1000	138.9
1250	138.2
1600	137.8
2000	137.8];  


p322_dac2=[10	147.4
12.5	148.4
16	149.4
20	150.4
25	151.4
31.5	152.4
40	153.4
50	153.5
63	153.5
80	153.5
100	153.5
125	152.7
160	151.8
200	151.4
250	151.0
315	150.7
400	149.5
500	149.5
630	148.9
800	148.4
1000	148.0
1250	147.6
1600	147.1
2000	146.7];  


ascent_spl_five_dac2=[ p311_dac2(:,1)  p311_dac2(:,2)  p312_dac2(:,2)  p321_dac2(:,2)  p322_dac2(:,2)   ];
