qqq=[141.2,...
143.9,...
146.0,...
147.8,...
147.8,...
147.8,...
147.4,...
147.1,...
146.7,...
146.3,...
146.0,...
145.0,...
144.3,...
143.9,...
143.0,...
142.3,...
142.1,...
141.3,...
140.5,...
139.7,...
138.9,...
138.2,...
137.8,...
137.8]

rrr=[10,...
12.5,...
16,...
20,...
25,...
31.5,...
40,...
50,...
63,...
80,...
100,...
125,...
160,...
200,...
250,...
315,...
400,...
500,...
630,...
800,...
1000,...
1250,...
1600,...
2000]

