
fjs=[100 100
400 566 
1000 2826 
4000 8478 
10000 8478];


osep=[100	86
500	555
1030	951
10000	951];
