liftoff_spl_five_lf2=[20    134.2   134.2   0.02    0.02
25  135.1   135.1   0.02    0.02
31.5    137 137 0.02    0.02
40  137.7   137.7   0.02    0.02
50  137.8   137.3   0.02    0.02
63  138 137.5   0.02    0.02
80  138.5   138 0.02    0.02
100 138.5   138 0.02    0.02
125 138 137 0.02    0.02
160 137.6   136.6   0.02    0.02
200 136.9   135.4   0.02    0.02
250 135.9   134.4   0.02    0.02
315 135.1   133.6   0.02    0.02
400 134.7   132.7   0.02    0.02
500 133.6   131.6   0.02    0.02
630 132.7   130.2   0.02    0.02
800 132 129.5   0.02    0.02
1000    131 128 0.02    0.02
1250    129.4   126.4   0.02    0.02
1600    128 125 0.02    0.02
2000    127 123.5   0.02    0.02
2500    125.9   121.9   0.02    0.02
3150    125.1   121.1   0.02    0.02
4000    123.9   119.9   0.02    0.02
5000    122.7   118.7   0.02    0.02
6300    121.6   117.6   0.02    0.02
8000    120.6   116.6   0.02    0.02
10000   119.8   115.8   0.02    0.02];


liftoff_spl_five_lf6=[20	134.2	134.2	0.06	0.06
25	135.1	135.1	0.06	0.06
31.5	137	137	0.06	0.06
40	137.7	137.7	0.06	0.06
50	137.8	137.3	0.06	0.06
63	138	137.5	0.06	0.06
80	138.5	138	0.06	0.06
100	138.5	138	0.06	0.06
125	138	137	0.06	0.06
160	137.6	136.6	0.06	0.06
200	136.9	135.4	0.06	0.06
250	135.9	134.4	0.06	0.06
315	135.1	133.6	0.06	0.06
400	134.7	132.7	0.06	0.06
500	133.6	131.6	0.06	0.06
630	132.7	130.2	0.06	0.06
800	132	129.5	0.06	0.06
1000	131	128	0.06	0.06
1250	129.4	126.4	0.06	0.06
1600	128	125	0.06	0.06
2000	127	123.5	0.06	0.06
2500	125.9	121.9	0.06	0.06
3150	125.1	121.1	0.06	0.06
4000	123.9	119.9	0.06	0.06
5000	122.7	118.7	0.06	0.06
6300	121.6	117.6	0.06	0.06
8000	120.6	116.6	0.06	0.06
10000	119.8	115.8	0.06	0.06];
