
a13=[400	10	1	1	0.1	  0.08	0.09   0.002 0.001	0.0008	0.0016 0.0009	0.0012;
     500	12	2	1	0.08	1	0.09   0.003 0.001	0.0009	0.0017 0.0008	0.001];
