
a15=[400	10	1	1	5	0.1	0.08	0.09 0.12	0.001	0.0008	0.001	0.0008	0.001	0.0008;
500	12	2	1	0.1	0.08	1	0.09	0.13 0.001	0.0009	0.001	0.0009	0.001	0.0009]
