
a3=[ 400	10	0.1	;
     500	12	0.08 ];
