
a7=[ 400	10	1	0.1	  0.08	0.001  0.0012;
     500	12	2	0.08  0.1	0.0012 0.0008];
