mpe1=[		20	0.12
	150	10
	230	10
	2000	0.02];

mpe2=[		20	1
	150	9
	230	9
	2000	0.2];

mpe3=[		20	0.1
	150	2.2
	230	2.2
	2000	0.02];

mpe4=[		20	0.6
	170	9.2
	300	9.2
	2000	0.15];