old_psd=[20	0.15
140	10
300	10
2000	0.03];

new_psd=[20	0.7
200	5
280	5
2000	0.62];

