
%
%   noys_table.m  ver 1.0  by Tom Irvine 
%
%   Reference:  Hreinsson, Aircraft Noise, Virginia Polytechnic Institute
%   and State University, 1993
%

function[nfc,noys]=noys_table()
%
nfc=...
[50
63
80
100
125
160
200
250
315
400
500
630
800
1000
1250
1600
2000
2500
3150
4000
5000
6300
8000
10000];

noys=zeros(150,24);
%
%  50 Hz
%
noys(49:150,1)=...
[0.1
0.12
0.14
0.17
0.21
0.25
0.3
0.34
0.39
0.45
0.51
0.59
0.67
0.77
0.87
1
1.11
1.22
1.35
1.49
1.65
1.82
2.02
2.23
2.46
2.72
3.01
3.32
3.67
4.06
4.49
4.96
5.48
6.06
6.7
7.41
8.19
9.05
10
11.1
12.2
13.5
14.9
16
17.1
18.4
19.7
21.1
22.6
24.3
26
27.9
29.9
32
34.3
36.8
39.4
42.2
45.3
48.5
52
55.7
59.7
64
68.6
73.5
78.8
84.4
90.5
97
104
111
119
128
137
147
158
169
181
194
208
223
239
256
274
294
315
338
362
388
416
446
478
512
549
588
630
676
724
776
832
891]';
%
%  63 Hz
%
noys(44:150,2)=...
[0.1
0.12
0.14
0.16
0.19
0.22
0.26
0.3
0.34
0.39
0.45
0.51
0.59
0.67
0.77
0.87
1
1.1
1.21
1.32
1.45
1.6
1.75
1.92
2.11
2.32
2.55
2.79
3.07
3.37
3.7
4.06
4.46
4.89
5.37
5.9
6.48
7.11
7.81
8.57
9.41
10.3
11.3
12.1
13
13.9
14.9
16
17.1
18.4
19.7
21.1
22.6
24.3
26
27.9
29.9
32
34.3
36.8
39.4
42.2
45.3
48.5
52
55.7
59.7
64
68.6
73.5
78.8
84.4
90.5
97
104
111
119
128
137
147
158
169
181
194
208
233
239
256
274
294
315
338
362
388
416
446
478
512
549
588
630
676
724
776
832
891
955];
%
%  80 Hz
%
noys(39:150,3)=...
[0.1
0.12
0.14
0.16
0.19
0.22
0.26
0.3
0.34
0.38
0.43
0.49
0.55
0.62
0.7
0.79
0.89
1
1.09
1.18
1.29
1.4
1.53
1.66
1.81
1.97
2.15
2.34
2.54
2.77
3.01
3.28
3.57
3.88
4.23
4.6
5.01
5.45
5.94
6.46
7.03
7.66
8.33
9.07
9.87
10.7
11.7
12.7
13.9
14.9
16
17.1
18.4
19.7
21.1
22.6
24.3
26
27.9
29.9
32
34.3
36.8
39.4
42.2
45.3
48.5
52
55.7
59.7
64
68.6
73.5
78.8
84.4
90.5
97
104
111
119
128
137
147
158
169
181
194
206
223
239
256
274
294
315
338
362
388
416
446
478
512
549
588
630
676
724
776
832
891
955
1024
1098];
%
%  100 Hz
%
noys(34:150,4)=...
[
0.1
0.11
0.13
0.15
0.17
0.2
0.23
0.26
0.3
0.33
0.37
0.42
0.46
0.52
0.58
0.65
0.72
0.8
0.9
1
1.09
1.15
1.29
1.4
1.53
1.66
1.81
1.97
2.15
2.34
2.54
2.77
3.01
3.28
3.57
3.88
4.23
4.6
5.01
5.45
5.94
6.46
7.03
7.66
8.33
9.07
9.85
10.6
11.3
12.1
13
13.9
14.9
16
17.1
18.4
19.7
21.1
22.6
24.3
26
27.9
29.9
32
34.3
36.8
39.4
42.2
45.3
48.5
52
55.7
59.7
64
68.8
73.5
78.8
84.4
90.5
97
104
111
119
128
137
147
158
169
181
194
208
223
239
256
274
294
315
338
362
388
416
446
478
512
549
588
630
676
724
776
832
891
955
1024
1098
1176
1261];
%
%  125 Hz
%
noys(30:150,5)=...
[0.1
0.11
0.13
0.14
0.16
0.18
0.21
0.24
0.27
0.3
0.33
0.37
0.41
0.45
0.5
0.55
0.61
0.67
0.74
0.82
0.9
1
1.08
1.18
1.28
1.35
1.5
1.63
1.77
11.92
2.06
2.26
2.45
2.65
2.88
3.12
3.39
3.68
3.99
4.33
4.69
5.09
5.52
5.99
6.5
7.05
7.65
8.29
9
9.76
10.6
11.3
12.1
13
13.9
14.9
16
17.1
18.4
19.7
21.1
22.6
24.3
26
27.9
29.9
32
34.3
36.8
39.4
42.2
45.3
48.5
52
55.7
59.7
64
68.6
73.5
78.8
84.4
90.5
97
104
111
119
128
137
147
158
169
181
194
208
223
239
256
274
294
315
338
362
388
416
446
478
512
549
588
630
676
724
776
832
891
955
1024
1098
1176
1261
1351];
%
%  160 Hz
%
noys(27:150,6)=...
[0.1
0.11
0.13
0.14
0.16
0.18
0.21
0.24
0.27
0.3
0.33
0.37
0.41
0.45
0.5
0.55
0.61
0.67
0.74
0.82
0.9
1
1.08
1.17
1.26
1.36
1.47
1.58
1.71
1.85
2
2.15
2.33
2.51
2.71
2.93
3.16
3.41
3.69
3.99
4.3
4.64
5.01
5.41
5.84
6.31
6.81
7.36
7.94
8.57
9.19
9.85
10.6
11.3
12.1
13
13.9
14.9
16
17.1
18.4
19.7
21.1
22.6
24.3
26
27.9
29.9
32
34.3
36.8
39.4
42.2
45.3
48.5
52
55.7
59.7
64
68.6
73.5
78.8
84.4
90.5
97
104
111
119
128
137
147
158
169
181
194
208
223
239
256
274
294
315
338
362
388
416
446
478
512
549
588
630
675
724
776
832
891
955
1024
1098
1176
1261
1351
1448];
%
%  200 Hz
%
noys(24:150,7)=...
[0.1
0.11
0.13
0.14
0.16
0.18
0.21
0.24
0.27
0.3
0.33
0.36
0.4
0.43
0.48
0.52
0.57
0.63
0.69
0.76
0.83
0.91
1
1.08
1.17
1.26
1.36
1.47
1.58
1.71
1.85
2
2.15
2.33
2.51
2.71
2.93
3.16
3.41
3.69
3.98
4.3
4.64
5.01
5.41
5.84
6.31
6.81
7.36
7.94
8.57
9.19
9.85
10.6
11.3
12.1
13
13.9
14.9
16
17.1
18.4
19.7
21.1
22.6
24.3
26
27.9
29.9
32
34.3
36.8
39.4
42.2
45.3
48.5
52
55.7
59.7
64
68.6
73.5
78.8
84.4
90.5
97
104
111
119
128
137
147
158
169
181
194
208
223
239
256
274
294
315
338
362
388
416
446
478
512
549
588
630
676
724
776
832
891
955
1024
1098
1176
1261
1351
1448
1552
1664];
%
%  250 Hz
%
noys(21:150,8)=...
[0.1
0.11
0.13
0.14
0.16
0.18
0.21
0.24
0.27
0.3
0.33
0.36
0.39
0.42
0.46
0.5
0.55
0.6
0.65
0.71
0.77
0.84
0.92
1
1.08
1.16
1.25
1.34
1.45
1.56
1.68
1.8
1.94
2.09
2.25
2.42
2.61
2.81
3.03
3.26
3.51
3.78
4.06
4.38
4.71
5.07
5.46
5.88
6.33
6.81
7.33
7.9
8.5
9.15
9.85
10.6
11.3
12.1
13
13.9
14.9
16
17.1
18.4
19.7
21.1
22.6
24.3
26
27.9
29.9
32
34.3
36.8
39.4
42.2
45.3
48.5
52
55.7
59.7
64
68.6
73.5
78.8
84.4
90.5
97
104
111
119
128
137
147
158
169
181
194
208
223
239
256
274
294
315
338
362
388
416
446
478
512
549
588
630
676
724
776
832
891
955
1024
1098
1176
1261
1351
1448
1552
1664
1783];
%
%  315 Hz
%
noys(18:150,9)=...
[0.1
0.11
0.13
0.14
0.16
0.18
0.21
0.24
0.27
0.3
0.33
0.35
0.38
0.41
0.45
0.49
0.53
0.57
0.62
0.67
0.73
0.79
0.86
0.92
1
1.07
1.15
1.24
1.33
1.42
1.53
1.64
1.76
1.89
2.03
2.17
2.33
2.5
2.69
2.88
3.1
3.32
3.57
3.83
4.11
4.41
4.73
5.08
5.45
5.85
6.27
6.73
7.23
7.75
8.32
8.93
9.59
10.3
11
11.8
12.7
13.6
14.6
15.7
16.9
18.1
19.4
20.8
22.4
24
25.8
27.7
29.7
31.8
34.2
36.7
39.4
42.2
45.3
48.5
52
55.7
59.7
64
68.6
73.5
78.8
84.4
90.5
97
104
111
119
128
137
147
158
169
181
194
208
223
239
256
274
294
315
338
362
388
416
446
478
512
549
588
630
676
724
776
832
891
955
1024
1098
1176
1261
1351
1448
1552
1664
1782
1911];
%
%  400 Hz
%
noys(16:150,10)=...
[0.1
0.11
0.13
0.14
0.16
0.18
0.21
0.24
0.27
0.3
0.33
0.35
0.38
0.41
0.45
0.49
0.53
0.57
0.62
0.67
0.73
0.79
0.85
0.92
1
1.07
1.15
1.23
1.32
1.41
1.52
1.62
1.74
1.87
2
2.14
2.3
2.46
2.64
2.83
3.03
3.25
3.48
3.73
4
4.29
4.59
4.92
5.28
5.66
6.06
6.5
6.96
7.46
8
8.57
9.19
9.85
10.6
11.3
12.1
13
13.9
14.9
16
17.1
18.4
19.7
21.1
22.6
24.3
26
27.9
29.9
32
34.3
36.8
39.4
42.2
45.3
48.5
52
55.7
59.7
64
68.6
73.5
78.8
84.4
90.5
97
104
111
119
128
137
147
158
169
181
194
208
223
239
256
274
294
315
338
362
388
416
446
478
512
549
588
630
676
724
776
832
891
955
1024
1098
1176
1261
1351
1448
1552
1664
1783
1911
2048];
%
noys(:,11)=noys(:,10);   %  500 Hz
noys(:,12)=noys(:,10);   %  630 Hz
noys(:,13)=noys(:,10);   %  800 Hz
noys(:,14)=noys(:,10);   % 1000 Hz
%
% 1250 Hz
%
noys(15:148,15)=...
[0.1
0.11
0.13
0.15
0.17
0.2
0.23
0.26
0.3
0.33
0.35
0.38
0.41
0.45
0.49
0.53
0.57
0.62
0.67
0.73
0.79
0.85
0.92
1
1.07
1.15
1.23
1.32
1.41
1.52
1.62
1.74
1.87
2
2.14
2.3
2.46
2.64
2.83
3.03
3.25
3.48
3.73
4
4.29
4.59
4.92
5.28
5.66
6.06
6.5
6.96
7.46
8
8.57
9.19
9.85
10.6
11.3
12.1
13
13.9
14.9
16
17.1
18.4
19.7
21.1
22.6
24.3
26
27.9
29.9
32
34.3
36.8
39.4
42.2
45.3
48.5
52
55.7
59.7
64
68.6
73.5
78.8
84.4
90.5
97
104
111
119
128
137
147
158
169
181
194
208
223
239
256
274
294
315
338
362
388
416
446
478
512
549
588
630
676
724
776
832
891
955
1024
1098
1176
1261
1351
1448
1552
1664
1783
1911
2048];
%
% 1600 Hz
%
noys(12:143,16)=...
[0.1
0.11
0.13
0.14
0.16
0.18
0.21
0.24
0.27
0.3
0.33
0.36
0.4
0.43
0.48
0.52
0.57
0.63
0.69
0.76
0.83
0.91
1
1.07
1.15
1.23
1.32
1.41
1.51
1.62
1.74
1.86
1.99
2.14
2.29
2.45
2.63
2.81
3.02
3.23
3.48
3.71
3.97
4.26
4.56
4.89
5.24
5.61
6.01
6.44
6.9
7.39
7.92
8.49
9.09
9.74
10.4
11.2
12
12.8
13.8
14.7
15.8
16.9
18.1
19.4
20.8
22.3
23.9
25.6
27.4
29.4
31.5
33.7
36.1
38.7
41.5
44.4
47.6
51
54.7
58.6
62.7
67.2
72
77.2
82.7
88.6
94.9
102
109
117
125
134
144
154
167
177
189
203
217
233
249
267
286
307
329
352
377
404
433
464
497
533
571
611
655
752
806
863
925
991
1062
1137
1219
1306
1399
1499
1606
1721
1844
1975];
%
% 2000 Hz
%
