%
%  Sarkani_table.m  ver 1.0  by Tom Irvine
%
function[beta,n,ktr]=Sarkani_table(kt)

st=[ 0.1  0.1  2.74048;
 0.1  0.2  2.76843;
 0.1  0.3  2.79557;
 0.1  0.4  2.82254;
 0.1  0.5  2.84982;
 0.1  0.6  2.87786;
 0.1  0.7  2.90706;
 0.1  0.8  2.93781;
 0.1  0.9  2.97053;
 0.1  1  3.00566;
 0.1  1.1  3.04369;
 0.1  1.2  3.08517;
 0.1  1.3  3.13071;
 0.1  1.4  3.18103;
 0.1  1.5  3.23698;
 0.1  1.6  3.29955;
 0.1  1.7  3.36994;
 0.1  1.8  3.44958;
 0.1  1.9  3.54025;
 0.1  2  3.64409;
 0.1  2.1  3.76381;
 0.1  2.2  3.90277;
 0.1  2.3  4.06522;
 0.1  2.4  4.25658;
 0.1  2.5  4.48382;
 0.1  2.6  4.75594;
 0.2  0.1  2.52041;
 0.2  0.2  2.57273;
 0.2  0.3  2.62285;
 0.2  0.4  2.67222;
 0.2  0.5  2.72193;
 0.2  0.6  2.77287;
 0.2  0.7  2.82588;
 0.2  0.8  2.88178;
 0.2  0.9  2.9414;
 0.2  1  3.00566;
 0.2  1.1  3.07558;
 0.2  1.2  3.15232;
 0.2  1.3  3.23725;
 0.2  1.4  3.33195;
 0.2  1.5  3.43836;
 0.2  1.6  3.55881;
 0.2  1.7  3.69614;
 0.2  1.8  3.85388;
 0.2  1.9  4.03641;
 0.2  2  4.24921;
 0.2  2.1  4.49919;
 0.2  2.2  4.79515;
 0.2  2.3  5.14828;
 0.2  2.4  5.57294;
 0.2  2.5  6.08753;
 0.2  2.6  6.71581;
 0.3  0.1  2.33774;
 0.3  0.2  2.41037;
 0.3  0.3  2.47951;
 0.3  0.4  2.54735;
 0.3  0.5  2.6155;
 0.3  0.6  2.68531;
 0.3  0.7  2.75799;
 0.3  0.8  2.83476;
 0.3  0.9  2.91686;
 0.3  1  3.00566;
 0.3  1.1  3.1027;
 0.3  1.2  3.20975;
 0.3  1.3  3.32892;
 0.3  1.4  3.46269;
 0.3  1.5  3.61411;
 0.3  1.6  3.78687;
 0.3  1.7  3.98554;
 0.3  1.8  4.21575;
 0.3  1.9  4.48458;
 0.3  2  4.80087;
 0.3  2.1  5.17577;
 0.3  2.2  5.62337;
 0.3  2.3  6.16147;
 0.3  2.4  6.81262;
 0.3  2.5  7.60537;
 0.3  2.6  8.57571;
 0.4  0.1  2.18559;
 0.4  0.2  2.27471;
 0.4  0.3  2.35941;
 0.4  0.4  2.44243;
 0.4  0.5  2.52582;
 0.4  0.6  2.6113;
 0.4  0.7  2.70043;
 0.4  0.8  2.79476;
 0.4  0.9  2.89591;
 0.4  1  3.00566;
 0.4  1.1  3.12604;
 0.4  1.2  3.2594;
 0.4  1.3  3.40852;
 0.4  1.4  3.57677;
 0.4  1.5  3.76819;
 0.4  1.6  3.98778;
 0.4  1.7  4.24168;
 0.4  1.8  4.53748;
 0.4  1.9  4.88467;
 0.4  2  5.29508;
 0.4  2.1  5.78348;
 0.4  2.2  6.3684;
 0.4  2.3  7.07297;
 0.4  2.4  7.92608;
 0.4  2.5  8.96364;
 0.4  2.6  10.2301;
 0.5  0.1  2.05818;
 0.5  0.2  2.16048;
 0.5  0.3  2.25783;
 0.5  0.4  2.35335;
 0.5  0.5  2.44942;
 0.5  0.6  2.54803;
 0.5  0.7  2.65106;
 0.5  0.8  2.76033;
 0.5  0.9  2.87781;
 0.5  1  3.00566;
 0.5  1.1  3.14634;
 0.5  1.2  3.30272;
 0.5  1.3  3.47823;
 0.5  1.4  3.67699;
 0.5  1.5  3.904;
 0.5  1.6  4.16538;
 0.5  1.7  4.46867;
 0.5  1.8  4.82318;
 0.5  1.9  5.24045;
 0.5  2  5.73478;
 0.5  2.1  6.32392;
 0.5  2.2  7.02985;
 0.5  2.3  7.87975;
 0.5  2.4  8.90707;
 0.5  2.5  10.1528;
 0.5  2.6  11.6666;
 0.6  0.1  1.95082;
 0.6  0.2  2.06354;
 0.6  0.3  2.17116;
 0.6  0.4  2.277;
 0.6  0.5  2.38367;
 0.6  0.6  2.49339;
 0.6  0.7  2.60826;
 0.6  0.8  2.73039;
 0.6  0.9  2.86203;
 0.6  1  3.00566;
 0.6  1.1  3.16415;
 0.6  1.2  3.34085;
 0.6  1.3  3.53974;
 0.6  1.4  3.76564;
 0.6  1.5  4.02436;
 0.6  1.6  4.32305;
 0.6  1.7  4.67044;
 0.6  1.8  5.07729;
 0.6  1.9  5.55685;
 0.6  2  6.12544;
 0.6  2.1  6.80316;
 0.6  2.2  7.61464;
 0.6  2.3  8.59003;
 0.6  2.4  9.76598;
 0.6  2.5  11.1868;
 0.6  2.6  12.9056;
 0.7  0.1  1.85974;
 0.7  0.2  1.98064;
 0.7  0.3  2.09659;
 0.7  0.4  2.21099;
 0.7  0.5  2.32657;
 0.7  0.6  2.44576;
 0.7  0.7  2.57083;
 0.7  0.8  2.70413;
 0.7  0.9  2.84814;
 0.7  1  3.00566;
 0.7  1.1  3.17991;
 0.7  1.2  3.37465;
 0.7  1.3  3.59439;
 0.7  1.4  3.84453;
 0.7  1.5  4.13163;
 0.7  1.6  4.46369;
 0.7  1.7  4.85048;
 0.7  1.8  5.30399;
 0.7  1.9  5.83886;
 0.7  2  6.47305;
 0.7  2.1  7.22849;
 0.7  2.2  8.13182;
 0.7  2.3  9.21536;
 0.7  2.4  10.518;
 0.7  2.5  12.0862;
 0.7  2.6  13.9752;
 0.8  0.1  1.78197;
 0.8  0.2  1.90923;
 0.8  0.3  2.03194;
 0.8  0.4  2.15345;
 0.8  0.5  2.2766;
 0.8  0.6  2.40391;
 0.8  0.7  2.53784;
 0.8  0.8  2.6809;
 0.8  0.9  2.83582;
 0.8  1  3.00566;
 0.8  1.1  3.19395;
 0.8  1.2  3.40483;
 0.8  1.3  3.64324;
 0.8  1.4  3.91515;
 0.8  1.5  4.22773;
 0.8  1.6  4.58974;
 0.8  1.7  5.01183;
 0.8  1.8  5.50699;
 0.8  1.9  6.09106;
 0.8  2  6.78327;
 0.8  2.1  7.60699;
 0.8  2.2  8.5904;
 0.8  2.3  9.76737;
 0.8  2.4  11.1784;
 0.8  2.5  12.8713;
 0.8  2.6  14.9026;
 0.9  0.1  1.71511;
 0.9  0.2  1.84729;
 0.9  0.3  1.97548;
 0.9  0.4  2.10295;
 0.9  0.5  2.23253;
 0.9  0.6  2.36687;
 0.9  0.7  2.50854;
 0.9  0.8  2.66022;
 0.9  0.9  2.82483;
 0.9  1  3.00566;
 0.9  1.1  3.20653;
 0.9  1.2  3.43192;
 0.9  1.3  3.68717;
 0.9  1.4  3.9787;
 0.9  1.5  4.31425;
 0.9  1.6  4.70323;
 0.9  1.7  5.15704;
 0.9  1.8  5.68952;
 0.9  1.9  6.31745;
 0.9  2  7.06114;
 0.9  2.1  7.94504;
 0.9  2.2  8.99853;
 0.9  2.3  10.2566;
 0.9  2.4  11.7608;
 0.9  2.5  13.5601;
 0.9  2.6  15.7114;
 1  0.1  1.65728;
 1  0.2  1.79321;
 1  0.3  1.92586;
 1  0.4  2.05831;
 1  0.5  2.19342;
 1  0.6  2.33388;
 1  0.7  2.48236;
 1  0.8  2.64168;
 1  0.9  2.81495;
 1  1  3.00566;
 1  1.1  3.21788;
 1  1.2  3.45638;
 1  1.3  3.72686;
 1  1.4  4.03616;
 1  1.5  4.39252;
 1  1.6  4.80588;
 1  1.7  5.28829;
 1  1.8  5.8543;
 1  1.9  6.52149;
 1  2  7.31101;
 1  2.1  8.2482;
 1  2.2  9.36331;
 1  2.3  10.6922;
 1  2.4  12.2772;
 1  2.5  14.1676;
 1  2.6  16.4211;
 1.1  0.1  1.60694;
 1.1  0.2  1.7457;
 1.1  0.3  1.88196;
 1.1  0.4  2.01863;
 1.1  0.5  2.1585;
 1.1  0.6  2.30431;
 1.1  0.7  2.45883;
 1.1  0.8  2.62498;
 1.1  0.9  2.80603;
 1.1  1  3.00566;
 1.1  1.1  3.22816;
 1.1  1.2  3.47857;
 1.1  1.3  3.7629;
 1.1  1.4  4.08837;
 1.1  1.5  4.46362;
 1.1  1.6  4.8991;
 1.1  1.7  5.40739;
 1.1  1.8  6.00366;
 1.1  1.9  6.70612;
 1.1  2  7.53662;
 1.1  2.1  8.52119;
 1.1  2.2  9.69077;
 1.1  2.3  11.0818;
 1.1  2.4  12.7372;
 1.1  2.5  14.7066;
 1.1  2.6  17.0478;
 1.2  0.1  1.56287;
 1.2  0.2  1.70372;
 1.2  0.3  1.84292;
 1.2  0.4  1.98315;
 1.2  0.5  2.12715;
 1.2  0.6  2.27768;
 1.2  0.7  2.43757;
 1.2  0.8  2.60986;
 1.2  0.9  2.79794;
 1.2  1  3.00566;
 1.2  1.1  3.23752;
 1.2  1.2  3.49879;
 1.2  1.3  3.79577;
 1.2  1.4  4.13599;
 1.2  1.5  4.52848;
 1.2  1.6  4.9841;
 1.2  1.7  5.5159;
 1.2  1.8  6.13955;
 1.2  1.9  6.87383;
 1.2  2  7.74113;
 1.2  2.1  8.76803;
 1.2  2.2  9.986;
 1.2  2.3  11.432;
 1.2  2.4  13.1491;
 1.2  2.5  15.1874;
 1.2  2.6  17.6045;
 1.3  0.1  1.52409;
 1.3  0.2  1.66644;
 1.3  0.3  1.80802;
 1.3  0.4  1.95127;
 1.3  0.5  2.09886;
 1.3  0.6  2.25357;
 1.3  0.7  2.41827;
 1.3  0.8  2.5961;
 1.3  0.9  2.79056;
 1.3  1  3.00566;
 1.3  1.1  3.24607;
 1.3  1.2  3.51729;
 1.3  1.3  3.82586;
 1.3  1.4  4.1796;
 1.3  1.5  4.58786;
 1.3  1.6  5.06188;
 1.3  1.7  5.61511;
 1.3  1.8  6.26366;
 1.3  1.9  7.02674;
 1.3  2  7.92722;
 1.3  2.1  8.99212;
 1.3  2.2  10.2533;
 1.3  2.3  11.748;
 1.3  2.4  13.5197;
 1.3  2.5  15.6184;
 1.3  2.6  18.1018;
 1.4  0.1  1.48977;
 1.4  0.2  1.63316;
 1.4  0.3  1.77666;
 1.4  0.4  1.92248;
 1.4  0.5  2.07323;
 1.4  0.6  2.23164;
 1.4  0.7  2.40067;
 1.4  0.8  2.58352;
 1.4  0.9  2.78381;
 1.4  1  3.00566;
 1.4  1.1  3.25392;
 1.4  1.2  3.53428;
 1.4  1.3  3.85351;
 1.4  1.4  4.21967;
 1.4  1.5  4.64242;
 1.4  1.6  5.13331;
 1.4  1.7  5.70614;
 1.4  1.8  6.37739;
 1.4  1.9  7.16666;
 1.4  2  8.09717;
 1.4  2.1  9.19632;
 1.4  2.2  10.4963;
 1.4  2.3  12.0346;
 1.4  2.4  13.8547;
 1.4  2.5  16.0068;
 1.4  2.6  18.5484;
 1.5  0.1  1.45927;
 1.5  0.2  1.60331;
 1.5  0.3  1.74836;
 1.5  0.4  1.89638;
 1.5  0.5  2.04989;
 1.5  0.6  2.21163;
 1.5  0.7  2.38457;
 1.5  0.8  2.57199;
 1.5  0.9  2.7776;
 1.5  1  3.00566;
 1.5  1.1  3.26115;
 1.5  1.2  3.54994;
 1.5  1.3  3.879;
 1.5  1.4  4.25662;
 1.5  1.5  4.69272;
 1.5  1.6  5.19912;
 1.5  1.7  5.78993;
 1.5  1.8  6.48195;
 1.5  1.9  7.2951;
 1.5  2  8.25291;
 1.5  2.1  9.38308;
 1.5  2.2  10.718;
 1.5  2.3  12.2953;
 1.5  2.4  14.1588;
 1.5  2.5  16.3584;
 1.5  2.6  18.9516;
 1.6  0.1  1.43202;
 1.6  0.2  1.57643;
 1.6  0.3  1.72271;
 1.6  0.4  1.87262;
 1.6  0.5  2.02856;
 1.6  0.6  2.19328;
 1.6  0.7  2.36977;
 1.6  0.8  2.56138;
 1.6  0.9  2.77188;
 1.6  1  3.00566;
 1.6  1.1  3.26783;
 1.6  1.2  3.56442;
