
spsd=[20	0.373056
25	0.473682
30	1.025405
35	1.568162
40	2.135336
45	2.6432
50	3.100928
55	4.50664
60	6.680271
65	7.938796
70	6.04467
75	6.513541
80	8.306599
85	7.078395
90	5.466783
95	4.506814
100	3.857954
105	3.327663
110	3.934543
115	5.009924
120	7.226066
125	9.896158
130	6.204176
135	4.896029
140	4.523527
145	4.406337
150	5.947066
155	6.013279
160	4.479159
165	5.111885
170	6.817863
175	8.244025
180	8.231893
185	11.0768
190	14.78737
195	14.05236
200	10.39048
205	9.427341
210	10.26392
215	7.022845
220	4.747311
225	3.988696
230	5.222079
235	6.797303
240	7.085395
245	6.303042
250	7.478445
255	7.25663
260	5.171903
265	6.198133
270	8.093777
275	8.514159
280	6.978374
285	8.221674
290	9.99348
295	9.232511
300	7.79593
305	6.601345
310	5.604959
315	4.771416
320	4.072146
325	4.007904
330	4.185644
335	4.368417
340	4.556277
345	5.002765
350	5.50334
355	6.045814
360	6.633042
365	4.991789
370	3.468083
375	3.157932
380	3.849375
385	4.680059
390	3.774709
395	2.670835
400	3.187286
405	4.069153
410	3.449627
415	3.556775
420	4.701544
425	6.19429
430	6.558495
435	3.314373
440	1.68807
445	2.123818
450	2.818208
455	2.258667
460	1.814605
465	1.461298
470	1.417124
475	1.47079
480	1.525894
485	1.582458
490	1.478694
495	1.441282
500	1.619738
505	1.818167
510	2.038578
515	2.283174
520	2.554314
525	2.462517
530	2.050463
535	1.710294
540	1.428966
545	1.26827
550	1.346045
555	1.427824
560	1.513769
565	1.604055
570	1.440386
575	1.249336
580	1.084965
585	1.196727
590	1.527741
595	1.946292
600	2.474479
605	3.139769
610	3.276218
615	2.548898
620	1.987064
625	1.552186
630	1.252406
635	1.45255
640	1.682718
645	1.947133
650	2.250546
655	2.598348
660	2.996628
665	3.452259
670	3.972952
675	4.56738
680	3.457011
685	2.591956
690	1.947437
695	1.730354
700	2.313844
705	2.57695
710	2.355753
715	2.154894
720	1.972385
725	1.806441
730	1.655451
735	1.518002
740	1.451699
745	1.53365
750	1.619625
755	1.709799
760	1.804356
765	1.629573
770	1.463178
775	1.314691
780	1.182089
785	1.063585
790	1.342426
795	1.776731
800	2.347474
805	3.096117
810	4.076546
815	5.358417
820	7.031528
825	9.21176
830	6.326096
835	3.852227
840	2.352708
845	1.441068
850	0.88524
855	0.773057
860	0.81196
865	0.852572
870	0.894967
875	0.93921
880	0.985366
885	1.033514
890	1.083719
895	1.208758
900	1.391406
905	1.600409
910	1.839378
915	1.740578
920	1.378794
925	1.093593
930	0.868465
935	0.690541
940	0.718599
945	0.826545
950	0.949991
955	1.006258
960	0.907813
965	0.819434
970	0.750853
975	0.822254
980	0.900025
985	0.984713
990	1.076869
995	1.177112
1000	1.286125
1005	1.404606
1010	1.533334
1015	1.623891
1020	1.493128
1025	1.373461
1030	1.263895
1035	1.163539
1040	1.071573
1045	0.987265
1050	0.909957
1055	0.839017
1060	0.982708
1065	1.174178
1070	1.401731
1075	1.431914
1080	1.271849
1085	1.130279
1090	1.005017
1095	0.894113
1100	0.799216
1105	0.739021
1110	0.683605
1115	0.632561
1120	0.585533
1125	0.569138
1130	0.648522
1135	0.738549
1140	0.840598
1145	0.956206
1150	1.087099
1155	1.23523
1160	1.402752
1165	1.185034
1170	0.984879
1175	1.084394
1180	1.417267
1185	1.274747
1190	1.137396
1195	1.015328
1200	0.906805
1205	0.810255
1210	0.724318
1215	0.647794
1220	0.579631
1225	0.533531
1230	0.62058
1235	0.721405
1240	0.838099
1245	0.824896
1250	0.746761
1255	0.676295
1260	0.690731
1265	0.747474
1270	0.808622
1275	0.874514
1280	0.89657
1285	0.841896
1290	0.790752
1295	0.742893
1300	0.698104
1305	0.656167
1310	0.616901
1315	0.580114
1320	0.545651
1325	0.575845
1330	0.622591
1335	0.672949
1340	0.727157
1345	0.785508
1350	0.8483
1355	0.915861
1360	0.98851
1365	1.066619
1370	1.150599
1375	1.240837
1380	1.337772
1385	1.366197
1390	1.296566
1395	1.23073
1400	1.168451
1405	1.109526
1410	1.053766
1415	1.000992
1420	0.951028
1425	0.90373
1430	0.858928
1435	0.816497
1440	0.889336
1445	1.139293
1450	1.382119
1455	1.242509
1460	1.11742
1465	1.005299
1470	0.904735
1475	0.814536
1480	0.943732
1485	1.123164
1490	1.08172
1495	0.999412
1500	0.923606
1505	0.853772
1510	0.789422
1515	0.730121
1520	0.675442
1525	0.625019
1530	0.578504
1535	0.558854
1540	0.640561
1545	0.733876
1550	0.840436
1555	0.962047
1560	1.100749
1565	1.258925
1570	1.439235
1575	1.644649
1580	1.878559
1585	1.738624
1590	1.564883
1595	1.40897
1600	1.26901
1605	1.143309
1610	1.0304
1615	0.958066
1620	1.014579
1625	1.074228
1630	1.137188
1635	1.203629
1640	1.273732
1645	1.347698
1650	1.425698
1655	1.393703
1660	1.317799
1665	1.246231
1670	1.178755
1675	1.115125
1680	1.055091
1685	0.998462
1690	0.945027
1695	0.894597
1700	0.846988
1705	0.802043
1710	0.973879
1715	1.349464
1720	1.287999
1725	1.203367
1730	1.124498
1735	1.051014
1740	0.982522
1745	0.918671
1750	0.859145
1755	0.803611
1760	0.751822
1765	0.703505
1770	0.658412
1775	0.829804
1780	1.46485
1785	2.581594
1790	3.030359
1795	2.798791
1800	2.585566
1805	2.389071
1810	2.207992
1815	2.041086
1820	1.887209
1825	1.745288
1830	1.614393
1835	1.493642
1840	1.382226
1845	1.27936
1850	1.184428
1855	1.096746
1860	1.015777
1865	0.940977
1870	0.871863
1875	0.807989
1880	0.748947
1885	0.73827
1890	0.891435
1895	1.075828
1900	1.297755
1905	1.215113
1910	1.082572
1915	0.964745
1920	0.860033
1925	0.766891
1930	0.697751
1935	0.751046
1940	0.808261
1945	0.869671
1950	0.935558
1955	1.006263
1960	1.082108
1965	1.109571
1970	0.793701
1975	0.605518
1980	0.65812
1985	0.715136
1990	0.776937
1995	0.843896
2000	0.916425];
