sref=[20	136.0
25	138.1
30	139.8
35	140.8
40	141.6
45	142.2
50	142.8
55	143.3
60	143.8
65	144.2
70	144.6
75	145.0
80	145.4
85	145.7
90	146.1
95	146.3
100	146.5
105	146.5
110	146.6
115	146.6
120	146.6
125	146.6
130	146.5
135	146.5
140	146.4
145	146.3
150	146.3
155	146.2
160	146.1
165	146.0
170	145.9
175	145.8
180	145.7
185	145.6
190	145.6
195	145.5
200	145.4
205	145.3
210	145.2
215	145.1
220	145.0
225	145.0
230	144.9
235	144.8
240	144.7
245	144.7
250	144.6
255	144.5
260	144.4
265	144.4
270	144.3
275	144.2
280	144.2
285	144.1
290	144.1
295	144.0
300	143.9
305	143.9
310	143.8
315	143.8
320	143.7
325	143.7
330	143.6
335	143.6
340	143.5
345	143.5
350	143.4
355	143.3
360	143.3
365	143.2
370	143.2
375	143.1
380	143.1
385	143.0
390	143.0
395	142.9
400	142.9
405	142.9
410	142.8
415	142.8
420	142.7
425	142.7
430	142.6
435	142.6
440	142.5
445	142.5
450	142.5
455	142.5
460	142.4
465	142.4
470	142.4
475	142.3
480	142.3
485	142.3
490	142.2
495	142.2
500	142.2
505	142.2
510	142.1
515	142.1
520	142.1
525	142.0
530	142.0
535	142.0
540	142.0
545	141.9
550	141.9
555	141.9
560	141.9
565	141.8
570	141.8
575	141.8
580	141.8
585	141.7
590	141.7
595	141.7
600	141.7
605	141.6
610	141.6
615	141.6
620	141.5
625	141.5
630	141.5
635	141.5
640	141.4
645	141.4
650	141.4
655	141.3
660	141.3
665	141.3
670	141.3
675	141.2
680	141.2
685	141.2
690	141.2
695	141.1
700	141.1
705	141.1
710	141.0
715	141.0
720	141.0
725	141.0
730	140.9
735	140.9
740	140.9
745	140.9
750	140.8
755	140.8
760	140.8
765	140.8
770	140.7
775	140.7
780	140.7
785	140.7
790	140.7
795	140.6
800	140.6
805	140.6
810	140.6
815	140.5
820	140.5
825	140.5
830	140.5
835	140.5
840	140.4
845	140.4
850	140.4
855	140.4
860	140.4
865	140.3
870	140.3
875	140.3
880	140.3
885	140.3
890	140.2
895	140.2
900	140.2
905	140.2
910	140.2
915	140.1
920	140.1
925	140.1
930	140.1
935	140.1
940	140.1
945	140.0
950	140.0
955	140.0
960	140.0
965	140.0
970	139.9
975	139.9
980	139.9
985	139.9
990	139.9
995	139.9
1000	139.8
1005	139.8
1010	139.8
1015	139.8
1020	139.8
1025	139.8
1030	139.7
1035	139.7
1040	139.7
1045	139.6
1050	139.6
1055	139.6
1060	139.6
1065	139.5
1070	139.5
1075	139.5
1080	139.4
1085	139.4
1090	139.4
1095	139.4
1100	139.3
1105	139.3
1110	139.3
1115	139.3
1120	139.2
1125	139.2
1130	139.2
1135	139.2
1140	139.1
1145	139.1
1150	139.1
1155	139.1
1160	139.0
1165	139.0
1170	139.0
1175	139.0
1180	138.9
1185	138.9
1190	138.9
1195	138.9
1200	138.8
1205	138.8
1210	138.8
1215	138.8
1220	138.7
1225	138.7
1230	138.7
1235	138.7
1240	138.6
1245	138.6
1250	138.6
1255	138.6
1260	138.5
1265	138.5
1270	138.5
1275	138.5
1280	138.4
1285	138.4
1290	138.4
1295	138.4
1300	138.4
1305	138.3
1310	138.3
1315	138.3
1320	138.3
1325	138.2
1330	138.2
1335	138.2
1340	138.2
1345	138.2
1350	138.1
1355	138.1
1360	138.1
1365	138.1
1370	138.0
1375	138.0
1380	138.0
1385	138.0
1390	137.9
1395	137.9
1400	137.9
1405	137.9
1410	137.9
1415	137.8
1420	137.8
1425	137.8
1430	137.8
1435	137.7
1440	137.7
1445	137.7
1450	137.7
1455	137.6
1460	137.6
1465	137.6
1470	137.6
1475	137.6
1480	137.5
1485	137.5
1490	137.5
1495	137.5
1500	137.5
1505	137.4
1510	137.4
1515	137.4
1520	137.4
1525	137.3
1530	137.3
1535	137.3
1540	137.3
1545	137.3
1550	137.2
1555	137.2
1560	137.2
1565	137.2
1570	137.2
1575	137.1
1580	137.1
1585	137.1
1590	137.1
1595	137.1
1600	137.0
1605	137.0
1610	137.0
1615	137.0
1620	137.0
1625	136.9
1630	136.9
1635	136.9
1640	136.9
1645	136.9
1650	136.8
1655	136.8
1660	136.8
1665	136.8
1670	136.8
1675	136.7
1680	136.7
1685	136.7
1690	136.7
1695	136.7
1700	136.7
1705	136.6
1710	136.6
1715	136.6
1720	136.6
1725	136.6
1730	136.5
1735	136.5
1740	136.5
1745	136.5
1750	136.5
1755	136.5
1760	136.4
1765	136.4
1770	136.4
1775	136.4
1780	136.4
1785	136.4
1790	136.3
1795	136.3
1800	136.3
1805	136.3
1810	136.3
1815	136.3
1820	136.2
1825	136.2
1830	136.2
1835	136.2
1840	136.2
1845	136.2
1850	136.1
1855	136.1
1860	136.1
1865	136.1
1870	136.1
1875	136.1
1880	136.1
1885	136.0
1890	136.0
1895	136.0
1900	136.0
1905	136.0
1910	136.0
1915	135.9
1920	135.9
1925	135.9
1930	135.9
1935	135.9
1940	135.9
1945	135.9
1950	135.8
1955	135.8
1960	135.8
1965	135.8
1970	135.8
1975	135.8
1980	135.7
1985	135.7
1990	135.7
1995	135.7
2000	135.7];

spl_ref_true(:,1)=[0.0200
    0.0250
    0.0315
    0.0400
    0.0500
    0.0630
    0.0800
    0.1000
    0.1250
    0.1600
    0.2000
    0.2500
    0.3150
    0.4000
    0.5000
    0.6300
    0.8000
    1.0000
    1.2500
    1.6000
    2.0000];

spl_ref_true(:,1)=spl_ref_true(:,1)*1000;


  spl_ref_true(:,2)=[136.0000
  138.1000
  140.1165
  141.6000
  142.8000
  144.0438
  145.4000
  146.5000
  146.6000
  146.1000
  145.4000
  144.6000
  143.8000
  142.9000
  142.2000
  141.5000
  140.6000
  139.8000
  138.6000
  137.0000
  135.7000];


spl_ref_true
