

mach_alt_ft=[2.77E+04	1.00E+00
2.77E+04	1.00E+00
2.84E+04	1.02E+00
2.94E+04	1.05E+00
3.04E+04	1.08E+00
3.14E+04	1.12E+00
3.24E+04	1.15E+00
3.35E+04	1.18E+00
3.39E+04	1.20E+00
3.39E+04	1.20E+00
3.45E+04	1.22E+00
3.56E+04	1.26E+00
3.67E+04	1.30E+00
3.79E+04	1.33E+00
3.90E+04	1.37E+00
4.02E+04	1.42E+00
4.14E+04	1.46E+00
4.27E+04	1.50E+00];
