%
%   SPL_weights.m  ver 1.0  October 19, 2012
%
function[fw,aw,bw,cw]=SPL_weights()
%
	fw(1)=10.;
    aw(1)=-70.4;
	bw(1)=-38.2;
	cw(1)=-14.3;
%
	fw(2)=12.5;
    aw(2)=-63.4;
	bw(2)=-33.2;
	cw(2)=-11.2;
%
	fw(3)=16.;
    aw(3)=-56.7;
	bw(3)=-28.5;
	cw(3)=-8.5;
%
	fw(4)=20.;
    aw(4)=-50.5;
	bw(4)=-24.2;
	cw(4)=-6.2;
%
	fw(5)=25.;
    aw(5)=-44.7;
	bw(5)=-20.4;
	cw(5)=-4.4;
%
	fw(6)=31.5;
    aw(6)=-39.4;
	bw(6)=-17.1;
	cw(6)=-3.0;
%
	fw(7)=40.;
    aw(7)=-34.6;
	bw(7)=-14.2;
	cw(7)=-2.0;
%
	fw(8)=50.;
    aw(8)=-30.2;
	bw(8)=-11.6;
	cw(8)=-1.3;
%
    fw(9)=63.;
    aw(9)=-26.2;
	bw(9)=-9.3;
	cw(9)=-0.8;
%
	fw(10)=80.;
    aw(10)=-22.5;
	bw(10)=-7.4;
	cw(10)=-0.5;
%
	fw(11)=100.;
    aw(11)=-19.1;
	bw(11)=-5.6;
	cw(11)=-0.3;
%
	fw(12)=125.;
    aw(12)=-16.1;
	bw(12)=-4.4;
	cw(12)=-0.2;
%
	fw(13)=160.;
    aw(13)=-13.4;
	bw(13)=-3.0;
	cw(13)=-0.1;
%
	fw(14)=200.;
    aw(14)=-10.9;
	bw(14)=-2.0;
	cw(14)=0.;
%
	fw(15)=250.;
    aw(15)=-8.6;
	bw(15)=-1.3;
	cw(15)=0.;
%
	fw(16)=315.;
    aw(16)=-6.6;
	bw(16)=-0.8;
	cw(16)=0.;
%
    fw(17)=400.;
    aw(17)=-4.8;
	bw(17)=-0.5;
	cw(17)=0.;
%
	fw(18)=500.;
    aw(18)=-3.2;
	bw(18)=-0.3;
	cw(18)=0.;
%
	fw(19)=630.;
    aw(19)=-1.9;
	bw(19)=-0.1;
	cw(19)=0.;
%
	fw(20)=800.;
    aw(20)=-0.8;
	bw(20)=0.;
	cw(20)=0.;
%    
	fw(21)=1000.;
    aw(21)=0.;
	bw(21)=0.;
	cw(21)=0.;
%
	fw(22)=1250.;
    aw(22)=0.6;
	bw(22)=0.;
	cw(22)=0.;
%
	fw(23)=1600.;
    aw(23)=1.0;
	bw(23)=0.;
	cw(23)=-0.1;
%
	fw(24)=2000.;
    aw(24)=1.2;
	bw(24)=-0.1;
	cw(24)=-0.2;
%
    fw(25)=2500.;
    aw(25)=1.3;
	bw(25)=-0.2;
	cw(25)=-0.3;
%
	fw(26)=3150.;
    aw(26)=1.2;
	bw(26)=-0.4;
	cw(26)=-0.5;
%
	fw(27)=4000.;
    aw(27)=1.0;
	bw(27)=-0.7;
	cw(27)=-0.8;
%
	fw(28)=5000.;
    aw(28)=0.5;
	bw(28)=-1.2;
	cw(28)=-1.3;
%
	fw(29)=6300.;
    aw(29)=-0.1;
	bw(29)=-1.9;
	cw(29)=-2.0;
%
	fw(30)=8000.;
    aw(30)=-1.1;
	bw(30)=-2.9;
	cw(30)=-3.0;
%
	fw(31)=10000.;
    aw(31)=-2.5;
	bw(31)=-4.3;
	cw(31)=-4.4;
%
	fw(32)=12500.;
    aw(32)=-4.3;
	bw(32)=-6.1;
	cw(32)=-6.2;
%
	fw(33)=16000.;
    aw(33)=-6.6;
	bw(33)=-8.4;
	cw(33)=-4.4;
%
	fw(34)=20000.;
    aw(34)=-9.3;
	bw(34)=-11.1;
	cw(34)=-11.2;