
psd_z311_radial_0=[20	0.01
50	8
400	8
620	2
1200	2
2000	0.1]

psd_z311_lt_0=[20	0.001
100	0.6
1400	0.6
2000	0.005]



psd_z311_radial_15=[20	0.01
50	3.752
400	3.752
620	0.938
1200	0.938
2000	0.046]
	




psd_z311_radial_30=[20	0.01
50	2.45
400	2.45
620	0.612
1200	0.612
2000	0.03]
	


psd_z311_radial_45=[20	0.01
50	1.819
400	1.819
620	0.454
1200	0.454
2000	0.022]

psd_z311_radial_60=[20	0.01
50	1.447
400	1.447
620	0.361
1200	0.361
2000	0.018]



psd_z311_lt_15=[20	0.01
100	0.281
1400	0.281
2000	0.002]
	
psd_z311_lt_30=[20	0.01
100	0.184
1400	0.184
2000	0.002]
	
psd_z311_lt_45=[20	0.01
100	0.136
1400	0.136
2000	0.001]
	
psd_z311_lt_60=[20	0.01
100	0.109
1400	0.109
2000	0.001]

%%%%%%%%%%%%%%%%%%%%%%%%%%%%%%%%%%%%%%%%%%%%%%%%%%%%%%%%%%%%%%%%%%%%%%%%%%%

psd_z312_radial_0=[20	0.01
50	10
1200	10
2000	0.1]

psd_z312_lt_0=[20	0.001
100	1
1400	1
2000	0.005]

psd_z312_radial_15=[20	0.01
50	4.69
1200	4.69
2000	0.046]


psd_z312_radial_30=[20	0.01
50	3.063
1200	3.063
2000	0.03]


psd_z312_radial_45=[20	0.01
50	2.274
1200	2.274
2000	0.022]


psd_z312_radial_60=[20	0.01
50	1.808
1200	1.808
2000	0.018]



psd_z312_lt_15=[20	0.01
100	0.469
1400	0.469
2000	0.002]


psd_z312_lt_30=[20	0.01
100	0.306
1400	0.306
2000	0.002]


psd_z312_lt_45=[20	0.01
100	0.227
1400	0.227
2000	0.001]


psd_z312_lt_60=[20	0.01
100	0.181
1400	0.181
2000	0.001]


%%%%%%%%%%%%%%%%%%%%%%%%%%%%%%%%%%%%%%%%%%%%%%%%%%%%%%%%%%%%%%%%%%%%%%%%%%%



psd_z31_radial_0=[20	0.01
50	4
400	4
620	1.2
1200	1.2
2000	0.1]


psd_z31_lt_0=[20	0.001
100	0.2
1400	0.2
2000	0.005]


psd_z31_radial_15=[20	0.01
50	1.876
400	1.876
620	0.562
1200	0.562
2000	0.046]


psd_z31_radial_30=[20	0.01
50	1.225
400	1.225
620	0.367
1200	0.367
2000	0.03]


psd_z31_radial_45=[20	0.01
50	0.909
400	0.909
620	0.272
1200	0.272
2000	0.022]


psd_z31_radial_60=[20	0.01
50	0.723
400	0.723
620	0.217
1200	0.217
2000	0.018]


psd_z31_lt_15=[20	0.01
100	0.094
1400	0.094
2000	0.002]


psd_z31_lt_30=[20	0.01
100	0.061
1400	0.061
2000	0.002]


psd_z31_lt_45=[20	0.01
100	0.045
1400	0.045
2000	0.001]


psd_z31_lt_60=[20	0.01
100	0.036
1400	0.036
2000	0.001]

%%%%%%%%%%%%%%%%%%%%%%%%%%%%%%%%%%%%%%%%%%%%%%%%%%%%%%%%%%%%%%%%%%%%%%%%%%%


psd_z32_radial_0=[20	0.01
50	10
1200	10
2000	0.1]


psd_z32_lt_0=[20	0.001
100	1
1400	1
2000	0.005]


psd_z32_radial_15=[20	0.01
50	4.69
1200	4.69
2000	0.046]


psd_z32_radial_30=[20	0.01
50	3.063
1200	3.063
2000	0.03]


psd_z32_radial_45=[20	0.01
50	2.274
1200	2.274
2000	0.022]


psd_z32_radial_60=[20	0.01
50	1.808
1200	1.808
2000	0.018]


psd_z32_lt_15=[20	0.01
100	0.469
1400	0.469
2000	0.002]


psd_z32_lt_30=[20	0.01
100	0.306
1400	0.306
2000	0.002]


psd_z32_lt_45=[20	0.01
100	0.227
1400	0.227
2000	0.001]


psd_z32_lt_60=[20	0.01
100	0.181
1400	0.181
2000	0.001]



%%%%%%%%%%%%%%%%%%%%%%%%%%%%%%%%%%%%%%%%%%%%%%%%%%%%%%%%%%%%%%%%%%%%%%%%%%%

names={'psd_z311_radial_0';
 
'psd_z311_lt_0';
 
'psd_z311_radial_15';
 
'psd_z311_radial_30';
 
'psd_z311_radial_45';
 
'psd_z311_radial_60';
 
'psd_z311_lt_15';
    
'psd_z311_lt_30';
    
'psd_z311_lt_45';
    
'psd_z311_lt_60';
 
'psd_z312_radial_0';
 
'psd_z312_lt_0';
 
'psd_z312_radial_15';
 
'psd_z312_radial_30';
 
'psd_z312_radial_45';
 
'psd_z312_radial_60';
 
'psd_z312_lt_15';
 
'psd_z312_lt_30';
 
'psd_z312_lt_45';
 
'psd_z312_lt_60';
 
'psd_z31_radial_0';
 
'psd_z31_lt_0';
 
'psd_z31_radial_15';
 
'psd_z31_radial_30';
 
'psd_z31_radial_45';
 
'psd_z31_radial_60';
 
'psd_z31_lt_15';
 
'psd_z31_lt_30';
 
'psd_z31_lt_45';
 
'psd_z31_lt_60';
 
'psd_z32_radial_0';
 
'psd_z32_lt_0';
 
'psd_z32_radial_15';
 
'psd_z32_radial_30';
 
'psd_z32_radial_45';
 
'psd_z32_radial_60';
  
'psd_z32_lt_15';
 
'psd_z32_lt_30';
 
'psd_z32_lt_45';
 
'psd_z32_lt_60'}
 

