
P322_DAC2=[10	132.5	134.1	134.5	135.9	142.1	147.4	146.9	143.3	137.2	135.3	133.2	135.4	130.4	127.7
12.5	133.4	134.9	135.3	137.2	143.6	148.4	147.8	144.3	137.9	136.1	133.5	135.4	130.3	127.9
16	134.4	135.8	136.2	138.8	144.6	149.4	148.8	145.3	138.4	137.0	134.5	135.4	130.3	128.5
20	135.3	136.6	137.1	140.3	145.5	150.4	149.7	146.2	139.5	137.8	135.4	135.4	130.3	128.6
25	136.1	137.4	137.9	141.7	146.5	151.4	150.6	147.2	140.3	138.6	136.4	136.2	131.4	129.4
31.5	137.1	138.3	138.8	143.2	147.5	152.4	151.6	148.2	141.3	139.5	137.3	137.1	132.6	130.5
40	138.0	139.2	139.7	144.8	148.6	153.4	152.6	149.2	142.4	140.4	138.3	137.9	133.8	131.7
50	138.9	140.0	140.6	146.2	149.5	153.4	153.5	150.1	143.4	141.2	139.2	138.8	134.9	132.8
63	139.8	140.8	141.4	146.2	149.8	153.4	153.5	151.1	144.5	142.0	140.2	139.6	136.0	133.9
80	139.8	140.8	142.4	146.2	149.9	153.4	153.5	152.1	145.6	142.9	141.2	140.5	137.2	135.1
100	139.8	140.8	142.4	146.2	149.7	153.4	153.5	152.1	146.6	143.7	142.1	141.3	138.3	136.1
125	139.8	140.8	142.4	146.2	148.4	152.5	152.7	152.1	146.6	144.6	143.0	142.1	139.4	137.2
160	139.8	140.8	142.4	145.3	147.3	151.6	151.8	151.7	147.3	145.5	144.1	143.0	140.6	138.4
200	139.8	140.8	142.4	144.4	146.4	150.7	151.1	151.4	148.5	146.3	145.0	143.8	141.7	139.5
250	138.9	140.0	141.5	143.6	145.6	149.8	150.3	151.0	149.5	147.1	145.9	144.7	142.8	140.6
315	137.9	139.2	140.6	142.7	144.7	148.9	149.5	150.7	149.5	148.4	146.9	145.5	143.9	141.7
400	136.9	138.4	139.7	141.8	143.7	148.0	148.2	149.4	149.5	148.4	146.9	145.5	143.9	142.8
500	136.0	137.6	138.8	141.0	142.8	147.1	147.0	148.2	149.5	148.4	146.9	145.5	143.9	142.8
630	135.1	136.8	137.9	140.1	141.8	145.9	145.8	146.9	148.9	148.4	146.6	145.5	143.9	142.8
800	134.1	135.9	137.0	139.2	140.9	144.6	144.6	145.6	148.2	148.4	146.4	145.5	143.9	142.8
1000	133.2	135.1	136.1	138.4	140.0	143.4	143.4	144.4	147.5	148.0	146.5	145.5	143.9	142.8
1250	132.2	134.3	135.3	137.6	139.0	142.2	142.2	143.2	146.9	147.6	146.1	145.5	143.9	142.8
1600	131.2	133.4	134.3	136.6	137.9	140.8	141.0	141.9	146.3	147.1	145.7	145.5	143.9	142.8
2000	130.3	132.7	133.4	135.8	137.0	139.6	139.8	140.7	145.6	146.7	145.5	145.5	143.9	142.8];

P321_DAC2=[10	141.2	141.2	132.1	133.0	136.0	138.8	136.8	133.5	134.0	140.9	140.4	140.9	131.2	126.3
12.5	143.9	143.9	133.2	134.1	137.7	139.6	137.8	134.6	133.3	139.8	139.0	140.3	131.3	127.0
16	146.0	146.0	134.1	135.6	139.5	140.6	138.9	135.6	133.4	138.6	137.5	139.6	130.7	127.8
20	147.8	147.8	134.9	137.3	140.4	141.5	139.9	136.2	133.8	137.5	136.2	139.0	130.1	128.5
25	147.8	147.8	135.3	138.8	141.7	142.3	140.9	137.4	134.7	136.4	134.9	139.0	129.6	129.3
31.5	147.8	147.8	136.0	139.6	142.7	143.2	141.9	138.6	135.2	135.2	133.5	138.9	129.8	130.0
40	147.4	147.2	136.7	140.0	143.3	144.1	143.0	139.7	135.7	134.0	133.5	138.9	130.4	130.8
50	147.1	146.7	137.1	140.1	143.5	145.0	144.0	140.8	136.2	134.0	133.5	138.8	131.0	131.5
63	146.7	146.2	137.1	140.4	143.1	145.0	145.0	141.7	137.4	134.0	133.5	138.7	131.6	131.5
80	146.3	145.6	138.1	140.0	142.1	145.3	145.0	142.8	138.6	134.8	133.5	138.7	132.2	131.5
100	146.0	143.9	138.1	139.6	141.7	145.0	145.0	143.9	139.7	135.6	134.4	138.6	132.7	131.4
125	143.7	142.3	138.1	139.6	141.3	145.0	145.0	143.9	140.9	136.4	135.5	138.5	133.3	131.9
160	142.5	141.1	138.1	139.6	141.3	144.1	144.3	143.9	142.1	137.3	136.5	138.5	133.9	132.4
200	141.2	139.8	138.1	139.6	141.3	143.3	143.6	143.9	142.1	138.1	137.4	138.4	134.5	132.9
250	139.6	138.1	137.3	138.8	140.5	142.5	143.0	143.0	142.1	138.9	138.3	138.3	135.0	133.4
315	137.9	136.7	136.5	138.0	139.7	141.7	142.3	142.1	142.1	139.8	139.3	138.3	135.6	133.9
400	135.8	135.8	135.7	137.2	138.8	140.8	141.3	141.2	142.1	139.8	139.3	138.2	136.2	134.4
500	134.7	134.9	134.9	136.4	138.0	140.0	140.4	140.4	141.3	139.8	139.3	138.2	136.8	134.9
630	133.6	134.0	134.1	135.6	137.1	139.2	139.5	139.5	140.5	139.2	139.0	138.1	137.3	135.4
800	132.5	133.1	133.3	134.8	136.3	138.3	138.6	138.6	139.7	138.6	138.7	138.0	137.3	136.0
1000	131.4	132.2	132.5	134.0	135.4	137.5	137.7	137.8	138.9	138.1	138.4	138.0	137.3	136.0
1250	130.3	131.4	131.8	133.2	134.6	136.7	136.8	136.9	138.2	137.5	138.1	137.9	136.6	136.0
1600	129.1	130.4	130.9	132.3	133.7	135.8	135.8	136.0	137.3	137.0	137.8	137.8	136.6	136.0
2000	128.8	129.5	130.1	132.0	133.1	135.0	134.9	135.2	136.5	136.4	137.5	137.8	136.6	136.0 ];

P312_DAC2=[10	149.7	152.9	149.4	143.8	145.8	150.5	148.3	147.2	140.4	139.4	135.1	130.0	127.2	124.9
12.5	150.9	152.9	148.7	144.8	146.7	151.2	149.3	148.2	141.2	140.0	136.0	130.9	128.1	125.8
16	150.8	152.9	148.6	146.0	147.6	152.0	150.4	149.3	142.1	140.7	136.9	132.0	129.1	126.9
20	150.9	152.9	147.5	147.0	148.5	152.7	151.4	150.2	142.9	141.4	137.7	133.0	130.0	127.8
25	150.6	151.8	146.8	148.0	149.4	153.4	152.5	151.2	143.7	142.0	138.5	133.9	130.8	128.7
31.5	149.6	150.5	146.8	149.1	150.3	154.1	153.5	152.2	144.6	142.7	139.3	134.9	131.7	129.7
40	148.0	149.3	146.8	149.1	151.2	154.1	153.5	152.2	145.4	143.4	140.2	135.9	132.7	130.7
50	146.6	148.0	146.8	149.1	151.2	154.1	153.5	152.2	146.2	144.0	141.0	136.9	133.5	131.7
63	147.2	146.8	146.8	149.1	151.2	154.1	153.5	152.2	147.0	144.7	141.9	137.8	134.4	132.6
80	147.9	146.9	146.8	149.1	151.2	154.1	153.5	152.2	147.0	144.7	141.9	138.9	135.4	133.6
100	148.1	147.1	146.8	149.1	151.2	152.4	152.0	152.2	147.0	144.7	141.9	138.9	136.2	134.6
125	148.4	147.4	145.9	147.8	149.7	150.6	150.5	150.5	147.0	144.7	141.9	138.9	136.2	134.6
160	148.7	147.6	144.9	146.3	148.0	148.6	148.8	148.6	147.0	144.7	141.9	138.9	136.2	134.6
200	148.9	147.9	144.6	144.5	146.2	146.8	146.5	146.9	145.5	143.7	141.2	138.9	136.2	134.6
250	149.2	148.1	145.1	142.8	144.5	145.1	144.8	145.2	144.0	142.7	140.5	138.9	136.2	134.6
315	149.5	148.4	145.0	140.9	142.7	143.2	143.0	143.4	142.4	141.6	139.8	138.9	136.2	134.6
400	149.5	148.4	144.6	139.7	140.8	141.3	141.1	141.6	140.7	139.7	139.1	138.9	136.2	134.6
500	149.5	148.4	143.9	139.7	139.0	139.5	139.3	139.9	139.2	138.0	137.6	138.9	136.2	134.6
630	149.5	148.4	142.7	139.7	137.2	137.7	137.5	138.1	137.6	136.2	136.0	136.9	135.1	133.8
800	149.5	148.4	141.9	139.4	137.2	137.7	137.5	136.3	135.9	134.3	134.4	134.8	133.9	133.0
1000	149.5	147.2	141.1	138.7	137.2	137.7	137.5	136.3	135.9	134.3	134.4	132.9	132.8	132.2
1250	148.8	145.9	140.3	138.2	137.2	137.7	137.5	136.3	135.9	134.3	134.4	132.9	131.6	132.2
1600	148.0	144.6	139.8	138.2	137.2	137.7	137.5	136.3	135.9	134.3	134.4	132.9	131.6	132.2
2000	147.4	143.3	140.0	138.4	137.2	137.7	137.5	136.3	135.9	134.3	134.4	132.9	131.6	132.2];

