
alt_ft_mach=[5911	3.90E-01
6348	4.06E-01
6800	4.21E-01
6859	4.23E-01
6859	4.23E-01
7268	4.37E-01
7752	4.52E-01
8251	4.67E-01
8766	4.83E-01
9296	4.98E-01
9840	5.13E-01
10400	5.29E-01
10975	5.44E-01
11564	5.60E-01
12168	5.76E-01
12787	5.92E-01
13420	6.08E-01
14068	6.25E-01
14731	6.42E-01
15409	6.60E-01
16101	6.77E-01
16809	6.96E-01
17532	7.14E-01
18271	7.33E-01
19025	7.53E-01
19795	7.73E-01
20581	7.94E-01
21382	8.16E-01
22201	8.38E-01
22201	8.38E-01
22201	8.38E-01
23036	8.61E-01
23888	8.86E-01
24758	9.11E-01
25646	9.37E-01
26552	9.64E-01
27478	9.92E-01
27726	1.00E+00
27726	1.00E+00
28423	1.02E+00
29387	1.05E+00
30372	1.08E+00
31377	1.12E+00
32404	1.15E+00
33451	1.18E+00
33918	1.20E+00
33918	1.20E+00
34520	1.22E+00
35612	1.26E+00
36726	1.30E+00
37863	1.33E+00
39024	1.37E+00
40209	1.42E+00
41418	1.46E+00
42653	1.50E+00
43912	1.55E+00
45197	1.60E+00
46507	1.65E+00
47844	1.71E+00
49207	1.77E+00
50596	1.83E+00
52012	1.89E+00
53455	1.95E+00
54924	2.01E+00
56420	2.07E+00
57943	2.13E+00
59493	2.20E+00
61069	2.25E+00
62629	2.31E+00
62629	2.31E+00
62629	2.31E+00
62671	2.31E+00
64299	2.36E+00
65954	2.42E+00
67634	2.47E+00
68551	2.50E+00
68551	2.50E+00
69340	2.52E+00
71072	2.58E+00
72830	2.63E+00
74613	2.69E+00
76420	2.74E+00
78252	2.79E+00
80108	2.85E+00
81988	2.90E+00
83890	2.96E+00
85815	3.01E+00
87761	3.06E+00
89729	3.11E+00
91718	3.16E+00
93728	3.21E+00
95760	3.26E+00
97812	3.30E+00
99884	3.35E+00
101977	3.39E+00
104088	3.44E+00
106219	3.48E+00
108367	3.53E+00
110534	3.57E+00
112716	3.61E+00
114911	3.64E+00
117113	3.67E+00
119319	3.68E+00
121522	3.69E+00
123719	3.70E+00];
