
  BE_psd=[      20.0 	  0.6764  
  198.0 	   2.702  
  208.0 	   2.702  
 2000.0 	  0.6179  
]

47.8


%%%%%%%%%%%%%%%%%


   FE_psd=[   20.0 	 0.06086  
  208.0 	  0.9605  
  253.0 	  0.9605  
 2000.0 	0.009242] 


17.7

%%%%%%%%%%%%%%%%%


SE_psd=[   250.0 	   4.498  
  270.0 	    3.31  
 1123.0 	  0.2773  
 2000.0 	  0.1536  
]


32.3


P311_env=[20 0.7; 200 5 ; 280 5 ; 2000 0.62]