
  BE_psd=[ 20.0 	  0.2896  
  196.0 	   1.157  
  206.0 	   1.157  
 2000.0 	   0.265 ]


31.3


%%%%%%%%%%%%%%%%%


   FE_psd=[20.0 	 0.04821  
  225.0 	  0.8337  
  247.0 	  0.8337  
 2000.0 	0.005459 ] 


15.6

%%%%%%%%%%%%%%%%%


SE_psd=[  250.0 	   2.208  
  259.0 	    2.21  
  268.0 	    2.21  
 2000.0 	 0.06808  
]

25.8
